% This is the 10 x 10 test matrix to be used in Problem 2.
function D = H
D = [
   6.1382e-01   9.1499e-01  -9.0237e-01   1.4188e+00  -8.4044e-01   1.3896e+00  -8.7315e-01   1.3503e+00   1.1200e-02   1.4561e+00
   9.1499e-01   1.4421e+00   1.0794e+00  -1.6412e+00   1.4161e-01  -5.9670e-01   3.2174e-01  -1.7038e+00  -7.9963e-01   5.3156e-02
  -9.0237e-01   1.0794e+00   7.2694e-01  -1.0780e+00   6.9817e-01   1.1675e-01   1.0894e+00   5.8827e-01  -7.7501e-01   6.2888e-01
   1.4188e+00  -1.6412e+00  -1.0780e+00   2.0456e+00  -3.8553e-01   1.7912e+00  -1.9392e-01  -1.3287e+00  -1.1480e+00   8.4042e-01
  -8.4044e-01   1.4161e-01   6.9817e-01  -3.8553e-01   1.3145e-01  -1.4171e-01  -6.8928e-02  -2.3875e+00   9.0477e-01  -1.1332e-01
   1.3896e+00  -5.9670e-01   1.1675e-01   1.7912e+00  -1.4171e-01   7.9238e-01  -4.4592e-02   1.0158e+00  -9.5648e-02  -1.7072e+00
  -8.7315e-01   3.2174e-01   1.0894e+00  -1.9392e-01  -6.8928e-02  -4.4592e-02   1.5125e+00  -1.7760e+00  -2.2440e-01  -5.2904e-01
   1.3503e+00  -1.7038e+00   5.8827e-01  -1.3287e+00  -2.3875e+00   1.0158e+00  -1.7760e+00  -1.1579e+00   6.7041e-01   1.3185e+00
   1.1200e-02  -7.9963e-01  -7.7501e-01  -1.1480e+00   9.0477e-01  -9.5648e-02  -2.2440e-01   6.7041e-01   1.1230e+00   3.8486e-01
   1.4561e+00   5.3156e-02   6.2888e-01   8.4042e-01  -1.1332e-01  -1.7072e+00  -5.2904e-01   1.3185e+00   3.8486e-01   7.7010e-01
];
